40808975
40797395
40784168
40771651
40741073
40731063
40696075
40670408
40658680
40644757
40640227
40634209
40620549
40605982
40561207
40529544
40431809
40424763
40382083
40352096
40330395
40314069
40249167
40207501
40206523
40204326
40196089
40191605
40190966
40137051
40092494
40082240
40031484
40012109
40002535
39997283
39971749
39946707
39943314
39928941
39912958
39906894
39899443
39860345
39854330
39813797
39803625
39796963
39768668
39703273
39681904
39670276
39661868
39550871
39550029
39544652
39522129
39517723
39453795
39400105
39381777
39378296
39367187
39270744
39255653
39240681
39176785
39136723
39096711
39065975
39056249
39056018
39040649
39016192
38894503
38780375
38738870
38723886
38701945
38638471
38606390
38605567
38559665
38551823
38494981
38483800
38379828
38351092
38339758
38282337
38167848
38133973
38114566
38083154
38032699
38015598
38012195
37998615
37995111
37972482
39700737
37038494
36844740
34765102
34061145
33973860
33908885
33513107
33412184
33018058
32981209
32305891
31946822
31758787
30680493
30400587
30171766
30061094
29558214
29036652
26961298
23366531
22953544
21789729
23616890
20362415
20096853
15265622
12114845
10761807
9059090
8372460
3707014
40769201
40319230
40081025
39879690
39446686
39023843
38112747
37716957
35834342
35134652
35090399
34762815
32476191
32389335
32131802
31330428
31228175
31219050
30282468
29763657
28645890
26262071
24748911
24112277
23762189
23702987
22113811
21095689
20371419
17945761
17911689
14520850
1439512
1893654
40644176
40644173
39883126
37815026
37116973
36329127
36197850
36161531
35916001
35859065
35410645
34560293
34554105
34255660
34096876
34046552
33309076
33273547
32773287
32438788
32155931
32091009
31899457
31839626
31634750
31440168
31264499
31173563
32636532
30636492
30427230
30408721
30131876
30113913
29906659
29742745
29726452
28930877
28658079
28067099
28063666
27691721
27193228
26915366
26904671
26470843
26283292
27965797
25308884
25088332
24819297
24576706
23732952
23262118
22711058
21612520
19874077
19750190
19364889
18401801
17338674
17065542
16778663
16763538
15570151
15146284
15072858
15049379
11315650
8833603
1403204
1525245
2071547
6736752
40648804
40537088
40514239
40437607
40402948
40310314
40306646
40246296
40172683
40153776
40146058
40063928
40048155
39937109
39909467
39851971
39813671
39813081
39749467
39728852
39690047
39683549
39641160
39626166
39569394
39563992
39446315
39437148
39365164
39351312
39331954
39319703
39233355
39223603
39190679
39181346
39176694
39088489
39019628
39015181
39001238
38956612
38883020
38874052
38871118
38858149
38819880
38765625
38765624
38756453
38648103
38547475
38483742
38453708
38409754
38386376
38376898
38370313
38291821
38254058
38176879
38133143
38014699
37992801
37991822
37960855
37928754
37875882
37695655
37685593
37685481
37675683
37644510
37598109
37536967
37516829
37490319
37479053
37445312
37434022
37409556
37405511
37385729
37295668
37294588
37285041
37266713
37244215
37220825
37130015
37106130
37051564
37005093
36993787
36934990
36905441
36897627
36896841
40851776
40839151
40824206
40804937
40788880
40767631
40764834
40761305
40740131
40725701
40715157
40702880
40686555
40623858
40622521
40622476
40578562
40566035
40558205
40549400
40534891
40532504
40531649
40527641
40518515
40483710
40483707
40481190
40480839
40479037
40463756
40435505
40434286
40432458
40418374
40410643
40395412
40391921
40387090
40380450
40375290
40368454
40347800
40343044
40282852
40276542
40265427
40248957
40248299
40238103
40217923
40206537
40204418
40200511
40177526
40159559
40152421
40148753
40097768
40097001
40093359
40089050
40072530
40067470
40031322
40031163
40011343
39966222
39945196
39927866
39926081
39920923
39913927
39881013
39877260
39874683
39873607
39871619
39871037
39853597
39846074
39841294
39841204
39797186
39790212
39790204
39776818
39765325
39753828
39709310
39708306
39678105
39669927
39639974
39566513
39513146
39468230
39455035
40680090
40616704
40462782
40106122
39944719
39939992
39740104
39084087
38760474
38589933
38477973
38466983
38281069
38222102
37961532
37793618
37244819
36402988
36055639
35191842
34973608
34783669
34671819
34189339
33634198
33475511
33148237
32843778
32835224
32717811
36644330
32499697
32242822
31573946
30907740
29949816
29691206
29083251
29061467
28847546
28164175
27380817
27328761
26806708
26563776
25785897
12100792
40850571
40846740
40840598
40840594
40838527
40829751
40819550
40807970
40806103
40805847
40795991
40793872
40792348
40776611
40773515
40768761
40767788
40761997
40749188
40739614
40736020
40729354
40724553
40716679
40718656
40717850
40713310
40701873
40678676
40676607
40669044
40662214
40656778
40648840
40634874
40626773
40610216
40596135
40589904
40573119
40549417
40544170
40490591
40487418
40461312
40460686
40459124
40455779
40426924
40426129
40419828
40413696
40411808
40393211
40364173
40345017
40338264
40326569
40323973
40307429
40286379
30969622
40250873
40245567
40243975
40240083
40225203
40220757
40220366
40220139
40217713
40201678
40189279
40182403
40180650
40177355
40156460
40155996
40148906
40142750
40142284
40105094
40094247
40092190
40090887
40082315
40078031
40072709
40058131
40053721
40047762
40045554
40042823
40279501
39909534
39874571
39546781
38839708
37930747
37635368
36603838
28837566
27793791
26355756
24333875
24210868
23936257
20543319
40828315
40802998
40761811
40702707
40686624
40640531
40528645
40481553
40475955
40305084
40232905
40205076
40177752
40110621
39982875
39699702
39615195
39450234
39441712
39399695
39348000
39299540
39122195
38956896
38924481
38907292
38904482
38791972
38780839
38732332
38701116
38699964
38649933
38355969
38058332
38011331
37976886
37932525
37898907
37823178
37781721
37552997
37551262
37550150
37434025
37322576
37287690
37195764
36912875
36882484
36732377
36636130
36474367
36312281
36310686
36185389
36062451
36041004
36013383
36010206
36002201
35958669
35946756
35880428
35822275
35821533
35773816
35713940
35624456
35519154
35453974
35451981
35446896
35317816
35279389
35265926
35225819
35191839
35061749
35050227
35022130